[1 0 1 1 0 0 1 1 1 1] 43
[[0 1 0 0 0 0 0 0 0 0]
[1 0 0 0 1 0 0 0 1 1]
[1 0 1 0 1 0 0 1 0 0]
[0 0 0 1 1 1 1 1 0 0]
[1 1 0 1 0 1 0 1 0 1]
[0 0 1 1 0 0 0 1 1 0]
[0 1 0 1 0 1 1 1 0 1]
[1 1 1 1 1 0 0 0 0 0]
[1 0 1 0 0 1 0 0 1 0]
[0 0 0 1 0 0 0 1 1 1]
]
[0 0 1 1 0 0 1 1 1 1] 51
[[0 1 0 0 0 0 0 0 0 0]
[1 0 1 1 0 1 1 1 0 0]
[1 1 1 1 0 1 1 0 1 1]
[1 0 0 0 1 1 1 1 0 0]
[1 0 1 0 0 0 1 0 1 0]
[0 1 0 0 1 0 1 0 0 1]
[0 0 1 0 1 0 1 0 1 0]
[0 1 1 1 1 0 0 1 0 0]
[1 1 0 1 1 0 1 1 1 1]
[0 1 1 0 1 1 1 0 0 1]
]
[0 0 1 1 1 0 1 1 1 1] 37
[[0 1 0 0 0 0 0 0 0 0]
[0 1 0 0 0 0 0 1 0 0]
[1 0 0 0 1 1 1 0 1 0]
[1 0 0 0 1 1 0 0 0 0]
[0 1 0 1 0 1 0 1 1 1]
[0 1 0 1 0 0 1 0 1 0]
[0 1 0 1 1 1 0 1 0 1]
[0 1 1 0 0 0 0 1 0 0]
[0 0 1 1 1 0 1 0 1 0]
[1 0 0 0 0 0 1 0 0 0]
]
[1 0 1 1 1 0 1 1 1 1] 41
[[0 1 0 0 0 0 0 0 0 0]
[0 1 1 1 1 1 1 0 1 1]
[0 0 1 0 1 1 1 0 1 0]
[0 0 0 1 1 1 0 0 0 0]
[0 0 1 0 0 0 1 0 0 0]
[0 0 1 0 1 0 0 1 0 1]
[0 0 1 0 0 0 0 0 1 0]
[1 1 1 0 0 0 0 0 0 0]
[1 0 1 1 1 0 1 0 0 0]
[1 1 1 1 1 1 0 1 1 0]
]
[1 1 1 1 1 0 1 1 1 1] 39
[[0 1 0 0 0 0 0 0 0 0]
[1 0 1 1 0 0 0 1 1 1]
[0 1 0 1 1 1 0 0 1 1]
[0 1 1 0 1 0 0 0 1 0]
[0 0 1 1 0 0 0 0 0 0]
[0 0 1 0 0 0 0 1 0 0]
[0 0 0 0 0 0 0 0 1 1]
[0 1 0 0 0 1 0 0 1 1]
[0 1 1 1 0 0 1 1 0 1]
[0 1 1 0 0 0 1 1 1 1]
]
[0 1 1 1 1 0 1 1 1 1] 39
[[0 1 0 0 0 0 0 0 0 0]
[1 0 0 0 1 1 1 0 0 0]
[0 0 0 0 0 0 1 1 0 0]
[0 0 0 0 0 1 1 1 0 1]
[0 1 0 0 0 1 1 1 1 1]
[0 1 0 1 1 0 1 0 1 1]
[0 1 1 1 1 1 0 1 0 0]
[0 0 1 1 1 0 1 0 0 0]
[0 0 0 0 1 1 0 0 0 0]
[0 0 0 1 1 1 0 0 0 1]
]
[0 1 0 1 1 0 1 1 1 1] 43
[[0 1 0 0 0 0 0 0 0 0]
[0 1 0 0 1 0 0 1 0 1]
[1 1 0 0 0 1 0 1 0 0]
[0 1 0 0 1 0 0 0 0 1]
[1 0 1 1 1 0 0 1 0 1]
[1 1 1 0 1 1 1 1 0 1]
[1 0 0 1 0 1 1 0 1 1]
[0 1 0 0 0 0 1 0 1 0]
[0 0 0 1 0 1 0 0 1 1]
[1 0 0 1 0 0 1 0 1 0]
]
[1 1 0 1 1 0 1 1 1 1] 51
[[0 1 0 0 0 0 0 0 0 0]
[0 1 1 1 0 1 1 0 1 0]
[1 0 0 1 1 0 1 0 1 1]
[1 1 0 1 1 0 0 0 0 1]
[1 1 0 0 1 1 1 0 1 0]
[1 0 0 1 0 1 0 0 1 0]
[1 1 1 0 1 0 1 1 0 0]
[1 1 0 0 0 0 1 1 1 0]
[0 1 1 0 1 0 1 1 1 0]
[1 1 1 0 1 1 0 1 0 0]
]
[1 0 0 1 1 0 1 1 1 1] 41
[[0 1 0 0 0 0 0 0 0 0]
[0 0 1 0 0 1 1 0 0 1]
[0 1 0 1 0 1 1 0 1 0]
[1 1 0 1 0 1 0 1 0 0]
[1 1 1 0 0 0 0 0 1 0]
[0 0 1 1 0 0 0 1 1 0]
[0 0 0 0 1 0 1 1 1 0]
[1 0 1 0 1 0 0 1 1 0]
[0 1 0 1 1 0 1 0 0 1]
[0 1 0 0 1 1 0 0 1 0]
]
[0 0 0 1 1 0 1 1 1 1] 45
[[0 1 0 0 0 0 0 0 0 0]
[0 0 0 1 1 0 0 1 1 0]
[1 1 1 1 0 1 1 0 1 0]
[0 1 0 0 0 1 0 1 0 0]
[1 0 0 1 0 1 1 1 0 1]
[0 1 0 0 1 0 1 0 0 1]
[0 1 1 1 0 1 1 0 0 1]
[0 0 1 0 1 0 0 0 1 0]
[1 1 0 1 1 0 1 0 1 1]
[0 0 1 1 0 0 1 1 0 0]
]
[0 0 0 0 1 0 1 1 1 1] 47
[[0 1 0 0 0 0 0 0 0 0]
[1 0 0 0 0 0 0 0 1 1]
[1 1 0 1 1 0 0 0 0 1]
[0 1 1 1 1 0 1 0 0 0]
[0 1 1 1 1 0 1 1 0 1]
[1 0 0 1 1 1 0 0 1 1]
[1 0 1 1 0 1 0 1 1 1]
[1 1 0 1 0 0 0 0 1 1]
[0 1 1 0 0 0 0 1 1 1]
[0 0 0 0 0 0 0 1 1 1]
]
[1 0 0 0 1 0 1 1 1 1] 47
[[0 1 0 0 0 0 0 0 0 0]
[0 1 0 0 0 0 0 0 1 1]
[0 1 1 1 1 0 0 0 0 1]
[1 1 1 0 1 0 1 0 0 0]
[1 1 1 1 0 0 1 1 0 1]
[1 1 1 0 0 1 1 1 0 0]
[0 0 1 1 0 1 1 1 1 1]
[0 1 0 1 0 0 0 1 1 1]
[1 1 1 0 0 0 0 1 0 1]
[1 0 0 0 0 0 0 1 1 0]
]
[0 1 1 0 1 0 1 1 1 1] 45
[[0 1 0 0 0 0 0 0 0 0]
[0 1 0 0 1 0 1 1 1 0]
[1 0 1 0 1 1 0 0 1 1]
[0 0 1 0 1 1 0 0 0 1]
[0 0 0 1 1 0 1 0 0 0]
[1 1 1 1 0 1 1 1 1 0]
[1 0 1 0 0 0 0 0 0 1]
[0 1 1 0 0 0 1 0 0 1]
[1 0 1 1 0 0 1 1 1 0]
[1 0 0 1 0 1 1 1 0 0]
]
[1 1 1 0 1 0 1 1 1 1] 41
[[0 1 0 0 0 0 0 0 0 0]
[1 0 0 0 1 0 1 1 1 0]
[1 1 1 1 0 0 1 1 0 0]
[0 1 0 0 0 0 1 1 1 0]
[1 0 0 1 0 0 1 0 0 0]
[1 0 0 0 1 1 0 0 0 1]
[0 0 1 0 0 0 1 0 0 1]
[0 0 0 1 1 1 0 0 1 0]
[1 1 0 0 1 1 0 0 1 1]
[0 0 0 1 0 1 1 1 0 1]
]
[0 0 1 0 1 1 1 1 1 1] 57
[[0 1 0 0 0 0 0 0 0 0]
[1 1 0 1 0 1 0 0 0 0]
[1 1 1 1 1 1 0 0 1 1]
[1 1 0 0 0 1 1 1 1 0]
[1 1 1 0 1 1 0 1 0 1]
[0 1 1 1 0 0 1 1 1 0]
[1 1 0 1 0 1 1 1 1 0]
[0 0 1 1 1 1 0 1 1 0]
[1 1 1 1 0 0 1 1 1 1]
[1 0 1 0 1 0 0 0 0 1]
]
[1 0 1 0 1 1 1 1 1 1] 45
[[0 1 0 0 0 0 0 0 0 0]
[1 1 1 0 1 0 1 1 1 1]
[1 0 1 0 0 0 1 1 0 0]
[1 0 1 0 1 0 0 0 0 1]
[0 1 1 0 0 1 0 1 0 1]
[0 0 0 0 1 0 0 0 0 1]
[0 1 0 1 0 1 0 1 1 0]
[0 1 0 0 0 0 1 1 0 1]
[1 0 0 0 1 1 0 0 1 0]
[1 1 0 1 0 1 1 1 1 1]
]
[1 1 1 0 1 1 1 1 1 1] 43
[[0 1 0 0 0 0 0 0 0 0]
[0 0 1 1 0 0 0 1 0 1]
[0 1 0 1 0 0 1 0 0 0]
[0 0 1 0 0 1 1 0 1 1]
[1 1 0 0 1 0 0 0 1 1]
[1 1 0 1 1 1 1 0 1 1]
[1 0 0 0 1 1 1 1 0 0]
[0 0 1 1 0 1 1 0 0 1]
[0 1 0 0 1 0 0 0 0 1]
[0 1 1 0 0 0 1 0 1 0]
]
[0 1 1 0 1 1 1 1 1 1] 43
[[0 1 0 0 0 0 0 0 0 0]
[0 0 0 0 1 1 1 0 1 0]
[1 1 1 1 0 0 1 0 0 0]
[1 0 1 1 0 1 1 0 1 1]
[0 1 0 0 0 0 0 0 1 1]
[1 0 1 0 0 1 0 1 0 0]
[0 0 0 0 1 1 0 1 0 0]
[1 0 1 1 0 1 1 1 0 1]
[1 1 0 0 1 0 0 0 1 1]
[0 0 0 1 1 1 0 1 0 0]
]
[0 1 0 0 1 1 1 1 1 1] 41
[[0 1 0 0 0 0 0 0 0 0]
[1 0 0 0 1 0 0 1 1 1]
[1 1 1 0 1 0 0 0 0 0]
[0 0 0 0 0 1 1 0 1 1]
[1 1 1 0 0 1 0 1 0 0]
[1 0 0 1 0 1 0 0 1 0]
[0 1 0 1 0 0 1 1 1 0]
[0 0 1 1 0 1 1 0 0 0]
[1 0 1 0 0 0 0 0 1 1]
[0 0 0 1 0 0 1 1 1 1]
]
[1 1 0 0 1 1 1 1 1 1] 53
[[0 1 0 0 0 0 0 0 0 0]
[0 1 0 0 1 0 0 1 1 1]
[1 0 1 1 0 1 1 1 1 1]
[0 1 1 0 1 0 0 1 0 0]
[0 1 1 0 1 1 0 1 0 0]
[1 1 1 0 1 1 1 1 0 1]
[1 1 0 1 0 0 0 1 1 0]
[0 1 0 0 1 0 0 0 1 1]
[1 1 0 1 1 1 1 1 1 0]
[1 0 0 1 0 0 1 1 1 0]
]
[1 0 0 0 1 1 1 1 1 1] 51
[[0 1 0 0 0 0 0 0 0 0]
[0 0 1 1 1 1 1 0 0 0]
[1 0 1 1 0 0 0 1 1 0]
[0 1 0 0 1 1 0 0 1 0]
[0 1 0 1 0 1 1 1 1 1]
[1 1 1 1 0 1 1 1 1 0]
[0 1 1 1 1 1 0 1 0 1]
[0 1 1 0 0 1 0 0 1 0]
[1 1 0 0 0 1 1 0 1 0]
[0 1 1 1 1 1 0 0 0 0]
]
[0 0 0 0 1 1 1 1 1 1] 51
[[0 1 0 0 0 0 0 0 0 0]
[1 1 1 1 1 1 1 0 0 0]
[0 0 0 1 0 0 0 1 1 0]
[0 0 1 0 0 0 1 1 0 1]
[1 1 0 1 1 1 1 1 1 1]
[1 0 0 0 1 1 0 0 0 1]
[1 1 1 1 1 1 1 1 0 1]
[0 0 0 1 1 0 1 0 0 1]
[0 1 0 0 0 1 1 0 0 0]
[1 1 1 1 1 1 0 0 0 1]
]
[0 0 0 1 1 1 1 1 1 1] 45
[[0 1 0 0 0 0 0 0 0 0]
[0 1 1 1 0 0 1 1 1 0]
[0 1 0 0 0 1 0 1 0 1]
[1 0 1 1 1 1 0 1 1 1]
[0 1 0 0 0 1 0 1 0 0]
[0 1 0 0 0 0 1 0 0 0]
[0 1 0 1 0 0 0 1 0 0]
[1 1 1 0 1 1 1 1 0 1]
[0 0 0 1 0 1 0 1 0 1]
[1 1 1 0 0 1 1 1 0 0]
]
[1 0 0 1 1 1 1 1 1 1] 41
[[0 1 0 0 0 0 0 0 0 0]
[0 1 0 0 1 1 0 0 0 1]
[0 0 0 1 1 0 1 0 1 0]
[1 1 0 1 0 0 1 0 0 0]
[1 1 0 0 1 1 0 1 0 0]
[0 0 1 1 1 0 0 1 1 1]
[1 1 0 1 0 0 1 1 0 0]
[1 0 0 1 0 0 0 1 1 0]
[0 1 1 0 1 0 1 0 0 0]
[1 0 0 1 1 0 0 0 1 0]
]
[1 1 0 1 1 1 1 1 1 1] 51
[[0 1 0 0 0 0 0 0 0 0]
[0 1 1 1 0 1 1 1 1 0]
[0 1 0 1 1 0 1 0 0 0]
[1 0 1 1 0 0 1 1 0 1]
[0 0 0 0 1 1 1 1 0 0]
[1 0 1 1 1 1 0 1 1 1]
[1 1 1 1 0 0 0 0 0 0]
[1 0 0 1 1 0 1 1 0 1]
[0 1 1 0 1 0 0 0 0 1]
[1 1 1 0 1 1 1 1 0 0]
]
[0 1 0 1 1 1 1 1 1 1] 51
[[0 1 0 0 0 0 0 0 0 0]
[1 0 1 1 0 1 1 1 1 0]
[0 0 0 0 0 1 0 1 1 1]
[1 1 0 1 1 1 0 0 1 0]
[0 1 1 1 1 0 0 0 1 1]
[1 1 0 0 0 1 1 0 0 0]
[1 0 0 0 1 1 0 1 1 1]
[1 1 1 0 0 1 0 1 1 0]
[0 0 0 1 0 1 1 1 0 0]
[0 1 1 0 1 1 1 1 0 1]
]
[0 1 1 1 1 1 1 1 1 1] 53
[[0 1 0 0 0 0 0 0 0 0]
[1 1 1 1 0 0 1 0 1 1]
[0 0 1 0 0 1 1 1 1 1]
[1 1 0 0 1 0 1 1 1 1]
[0 0 0 0 0 0 0 0 0 1]
[1 1 1 1 1 1 1 1 1 1]
[0 0 0 0 0 1 0 0 0 0]
[0 1 0 1 1 1 1 1 1 0]
[1 0 0 1 1 1 1 1 0 0]
[1 1 1 0 0 1 0 1 1 1]
]
[1 1 1 1 1 1 1 1 1 1] 41
[[0 1 0 0 0 0 0 0 0 0]
[0 0 1 1 0 0 1 0 1 1]
[0 1 1 1 1 0 0 0 0 0]
[0 1 0 1 1 0 1 1 1 1]
[1 0 0 0 1 0 0 0 0 1]
[1 0 0 0 0 1 0 0 0 0]
[1 0 0 0 0 1 1 0 0 0]
[1 1 0 1 1 1 1 0 1 0]
[1 1 1 0 0 0 0 0 0 1]
[0 1 1 0 0 1 0 1 1 0]
]
[1 0 1 1 1 1 1 1 1 1] 27
[[0 1 0 0 0 0 0 0 0 0]
[1 0 0 1 0 1 0 0 1 0]
[0 0 0 1 0 0 0 0 0 1]
[0 1 1 0 0 0 1 1 0 0]
[0 0 0 0 0 0 0 1 0 1]
[0 1 0 0 0 0 1 0 0 0]
[0 0 0 1 0 1 0 0 0 0]
[0 0 0 1 1 0 0 0 1 1]
[0 1 0 0 0 0 0 1 0 0]
[0 0 1 0 1 0 0 1 0 1]
]
[0 0 1 1 1 1 1 1 1 1] 51
[[0 1 0 0 0 0 0 0 0 0]
[1 0 1 0 1 0 1 1 0 1]
[0 1 0 0 1 1 1 1 1 0]
[0 0 0 0 1 1 0 0 1 1]
[0 1 1 1 0 1 1 0 1 0]
[0 0 1 1 1 0 0 1 1 1]
[0 1 1 0 1 0 0 1 1 1]
[0 1 1 0 0 1 1 0 0 0]
[0 0 1 1 1 1 1 0 0 1]
[0 1 0 1 0 1 1 0 1 1]
]
[0 0 1 1 0 1 1 1 1 1] 53
[[0 1 0 0 0 0 0 0 0 0]
[1 1 1 0 1 0 1 1 1 0]
[0 0 0 1 1 1 0 0 0 1]
[0 0 1 0 1 1 0 1 1 0]
[1 1 0 1 0 1 0 1 1 1]
[0 1 0 1 1 0 1 0 1 1]
[0 1 0 1 1 1 1 1 0 1]
[0 1 1 0 1 1 0 0 0 1]
[0 1 1 1 0 0 0 1 0 0]
[1 1 0 1 0 1 1 1 0 1]
]
[1 0 1 1 0 1 1 1 1 1] 49
[[0 1 0 0 0 0 0 0 0 0]
[0 0 1 0 1 0 1 1 1 0]
[0 1 0 0 0 0 1 1 1 0]
[1 0 1 1 1 1 0 1 1 0]
[0 1 0 1 1 1 0 1 1 1]
[0 0 1 0 0 0 0 1 0 0]
[1 1 0 1 1 1 0 1 0 1]
[1 1 1 0 1 1 0 1 0 1]
[0 0 0 0 1 1 1 0 0 1]
[0 1 0 1 0 1 1 1 0 0]
]
[0 1 0 1 0 1 1 1 1 1] 45
[[0 1 0 0 0 0 0 0 0 0]
[1 0 1 0 1 0 1 0 1 1]
[0 1 0 1 0 1 1 0 0 1]
[0 0 1 1 0 1 0 0 0 1]
[1 0 1 1 1 0 0 0 0 0]
[1 0 0 1 1 1 0 0 1 1]
[1 0 0 0 0 0 1 0 1 1]
[1 0 1 0 0 0 1 0 0 1]
[0 1 0 1 1 0 0 1 0 1]
[0 1 0 1 0 1 0 1 1 1]
]
[1 1 0 1 0 1 1 1 1 1] 57
[[0 1 0 0 0 0 0 0 0 0]
[1 0 0 1 0 1 0 1 0 0]
[1 1 1 1 0 1 1 0 0 1]
[0 1 0 1 1 0 1 1 1 0]
[1 1 0 0 1 1 1 1 1 1]
[1 1 1 0 0 1 1 1 0 0]
[1 1 1 1 1 1 1 1 0 0]
[1 1 0 1 1 1 0 0 1 0]
[1 1 0 1 1 0 0 1 1 1]
[0 0 1 0 1 0 1 0 0 1]
]
[1 0 0 1 0 1 1 1 1 1] 43
[[0 1 0 0 0 0 0 0 0 0]
[0 0 0 0 1 0 0 0 1 1]
[1 0 1 1 0 1 0 0 0 0]
[1 0 0 0 0 1 1 1 1 1]
[1 1 1 0 0 0 0 1 0 0]
[1 1 1 1 0 1 1 1 1 0]
[0 0 0 1 0 0 1 1 1 0]
[0 0 1 1 1 1 1 1 0 0]
[1 1 0 1 0 0 0 0 1 0]
[0 0 0 1 0 0 0 1 1 0]
]
[0 0 0 1 0 1 1 1 1 1] 51
[[0 1 0 0 0 0 0 0 0 0]
[1 1 0 0 1 0 0 0 1 1]
[1 1 1 0 1 0 1 1 1 1]
[1 1 1 0 1 0 0 0 0 0]
[1 0 0 1 0 1 1 0 1 1]
[1 0 0 0 1 1 0 0 0 1]
[0 1 1 0 1 1 1 0 0 1]
[0 1 0 0 0 0 0 1 1 1]
[1 0 1 0 1 1 1 1 1 1]
[1 0 0 1 0 0 0 1 1 1]
]
[0 0 0 0 1 1 0 1 1 1] 45
[[0 1 0 0 0 0 0 0 0 0]
[0 0 0 1 0 1 1 0 1 0]
[1 1 1 1 0 0 0 1 0 0]
[1 0 1 0 0 0 0 1 1 0]
[0 0 1 0 0 1 1 1 1 1]
[0 0 1 1 1 0 0 1 1 1]
[0 1 1 1 1 1 0 0 1 0]
[0 0 0 0 1 1 0 1 0 1]
[1 1 0 0 0 1 0 0 1 1]
[0 0 1 0 1 1 0 1 0 0]
]
[1 0 0 0 1 1 0 1 1 1] 33
[[0 1 0 0 0 0 0 0 0 0]
[0 0 1 0 1 0 0 1 0 1]
[0 1 0 1 0 0 0 1 0 0]
[1 1 0 0 1 1 1 0 0 1]
[0 1 0 1 0 0 0 0 0 0]
[0 1 0 0 0 0 1 0 0 0]
[0 0 0 0 0 0 0 1 0 1]
[0 1 1 1 0 0 1 1 1 0]
[0 1 0 0 0 1 0 0 0 1]
[0 1 0 1 0 0 1 0 1 0]
]
[1 0 0 0 1 0 0 1 1 1] 41
[[0 1 0 0 0 0 0 0 0 0]
[1 1 0 0 0 1 1 0 0 1]
[0 0 1 0 0 1 1 1 0 1]
[0 0 0 0 1 1 0 0 0 1]
[0 1 1 1 0 1 0 0 0 0]
[0 1 1 0 1 0 1 1 0 1]
[0 1 0 0 0 0 0 1 1 1]
[0 1 1 0 0 0 1 0 0 0]
[1 0 0 1 1 1 0 1 0 0]
[1 0 0 0 1 1 0 0 1 1]
]
[0 0 0 0 1 0 0 1 1 1] 37
[[0 1 0 0 0 0 0 0 0 0]
[0 0 0 0 0 1 1 0 0 1]
[1 0 0 0 0 1 1 1 0 1]
[1 0 0 1 1 1 0 0 0 1]
[0 0 0 0 0 0 1 1 1 1]
[0 0 0 1 0 0 0 0 1 0]
[0 0 1 1 1 1 0 0 0 0]
[1 1 1 0 0 0 1 1 0 0]
[0 0 0 1 1 1 0 1 1 0]
[0 0 0 0 1 1 0 0 1 0]
]
[0 0 1 0 1 0 0 1 1 1] 61
[[0 1 0 0 0 0 0 0 0 0]
[0 0 1 1 1 0 1 1 0 0]
[1 1 1 1 1 1 0 1 1 1]
[1 1 1 1 1 0 1 0 0 1]
[0 1 1 0 1 0 0 1 1 1]
[0 1 0 1 1 0 1 0 1 1]
[1 0 0 1 1 1 0 1 1 0]
[1 1 0 1 0 0 1 1 1 1]
[1 1 1 1 0 1 1 1 1 1]
[0 1 1 1 0 1 1 0 0 0]
]
[1 0 1 0 1 0 0 1 1 1] 49
[[0 1 0 0 0 0 0 0 0 0]
[1 1 1 1 1 0 1 1 0 0]
[0 1 0 1 1 1 0 1 1 1]
[0 1 1 0 1 0 1 0 0 1]
[0 0 0 1 1 1 1 0 0 0]
[0 0 1 0 0 0 0 1 0 0]
[1 1 1 0 0 0 0 0 0 1]
[0 1 0 1 0 0 1 0 1 1]
[0 1 1 1 0 1 1 1 0 1]
[1 1 1 1 0 1 1 0 0 1]
]
[0 0 0 1 0 1 1 1 0 1] 19
[[0 1 0 0 0 0 0 0 0 0]
[0 0 0 0 0 0 0 0 1 0]
[0 0 0 0 1 0 0 0 0 0]
[0 0 0 0 0 0 1 0 0 0]
[0 0 0 0 0 0 0 0 0 1]
[1 1 1 1 1 1 1 1 1 1]
[0 0 0 0 0 1 0 0 0 0]
[0 0 0 1 0 0 0 0 0 0]
[0 0 1 0 0 0 0 0 0 0]
[0 0 0 0 0 0 0 1 0 0]
]
[1 0 0 1 0 1 1 1 0 1] 27
[[0 1 0 0 0 0 0 0 0 0]
[1 1 0 0 0 0 0 0 1 0]
[1 0 1 0 1 0 0 0 0 0]
[1 0 0 1 0 0 1 0 0 0]
[1 0 0 0 1 0 0 0 0 1]
[1 0 0 0 0 1 0 0 0 0]
[1 0 0 0 0 1 1 0 0 0]
[1 0 0 1 0 0 0 1 0 0]
[1 0 1 0 0 0 0 0 1 0]
[1 0 0 0 0 0 0 1 0 1]
]
[0 0 0 0 1 1 1 1 0 1] 43
[[0 1 0 0 0 0 0 0 0 0]
[1 1 1 0 1 0 1 1 0 0]
[0 0 1 0 0 0 0 0 1 1]
[0 1 1 0 0 0 0 1 1 1]
[0 1 1 0 1 1 0 0 1 0]
[1 0 0 1 0 1 0 0 1 0]
[1 1 0 0 1 0 0 1 1 0]
[0 0 0 0 1 1 1 0 1 1]
[1 0 0 0 0 0 1 1 0 0]
[1 1 0 1 0 1 1 0 0 1]
]
[1 0 0 0 1 1 1 1 0 1] 51
[[0 1 0 0 0 0 0 0 0 0]
[1 1 0 1 0 1 0 0 1 1]
[1 0 0 0 0 0 0 0 1 1]
[1 1 1 1 0 0 0 1 1 1]
[1 1 1 0 0 1 0 0 1 0]
[1 1 1 0 1 1 1 1 0 1]
[0 1 0 0 1 0 1 1 1 0]
[1 0 0 0 1 1 1 1 1 1]
[0 0 0 0 0 0 1 1 1 0]
[1 0 1 0 1 0 0 1 1 1]
]
[1 0 0 0 1 0 1 1 0 1] 43
[[0 1 0 0 0 0 0 0 0 0]
[0 1 1 0 0 1 0 1 0 1]
[0 0 0 1 1 1 1 0 1 0]
[1 1 1 1 1 0 0 0 0 1]
[0 0 0 0 0 1 1 0 0 1]
[0 1 0 1 0 0 1 0 1 0]
[0 1 1 0 0 1 0 0 0 0]
[1 1 0 0 0 0 1 1 1 1]
[0 1 1 1 1 0 1 0 0 0]
[1 1 0 0 1 0 1 0 1 0]
]
[0 0 0 0 1 0 1 1 0 1] 51
[[0 1 0 0 0 0 0 0 0 0]
[1 0 1 0 0 1 0 1 0 1]
[1 0 1 1 1 1 1 0 1 0]
[1 0 0 1 0 1 1 1 1 0]
[1 0 0 0 1 1 1 0 0 1]
[0 0 1 0 1 0 0 1 0 1]
[1 1 1 0 0 1 1 0 0 0]
[1 0 1 1 1 1 0 1 0 0]
[1 1 1 1 1 0 1 0 1 0]
[0 1 0 0 1 0 1 0 1 1]
]
